,0,1,2,3,4,5,6,7,8,9,10,11,12,13,14,15,16,17,18,19,20,21,22,23,24,25,26,27,28,29,30,31,32,33,34,35,36,37,38,39,40,41,42,43,44,45,46,47,48,49,50,51,52,53,54,55,56,57,58,59,60,61,62,63,64,65,66,67,68,69,70,71,72,73,74,75,76,77,78,79,80,81,82,83,84,85
0,1.0,0.22603635812786993,0.3069171222630708,0.7069572674004995,0.0,0.6428950696666231,0.0,0.17158234605884837,0.0,0.6052358240427497,0.05968196901823038,0.010883146531968127,0.14540559900092756,0.08483397816452141,0.0,0.007486770713288101,0.2923486882347275,0.017082548259868234,0.01118856340592025,0.0,0.5422188798756475,0.0,0.04244659073111043,0.019511904017039013,0.06401129292738868,0.04244659073111043,0.022900498695005427,0.04244659073111043,0.0417994379548396,0.0,0.0,0.04254635136371049,0.0,0.0,0.0,0.0,0.0,0.0,0.0,0.03573110967808459,0.04583257548211357,0.04287876809858948,0.042624954782592234,0.04244659073111043,0.0,0.0,0.0,0.04244659073111043,0.0,0.5549639323743759,0.5889579036711728,0.0,0.05501525014253351,0.059299680900465,0.0,0.014620274418006767,0.04244659073111043,0.0,0.05300890027116511,0.02046565646536228,0.01986156949639371,0.0,0.014404808298061837,0.01416056487428283,0.0,0.07629046481993255,0.05525322849524179,0.0,0.0136401727775376,0.06282303086578207,0.0,0.020207309655499522,0.36898772437741323,0.0,0.0,0.04244659073111043,0.2707958447629435,0.04555491457849806,0.03677575684644922,0.015341668044455189,0.05971611858196659,0.018137438712132838,0.02638245100284793,0.06257763984269576,0.0,0.02101637252103198
1,0.22603635812786993,1.0,0.129383810399985,0.24281714765347298,0.0,0.23494461275990117,0.0,0.0421177051311175,0.0,0.18361875897717536,0.09771903829340758,0.01149241930615102,0.05210224461972222,0.0725396211554515,0.0,0.03637365106423605,0.11316890055055047,0.018038883042077666,0.011814934377350464,0.0,0.15161034652810973,0.0,0.044822884389693805,0.020604241775713097,0.01915468549278127,0.044822884389693805,0.10477831488976663,0.044822884389693805,0.0,0.0,0.05001955215644474,0.038168004073105985,0.0,0.0,0.0,0.0,0.0,0.0,0.0,0.0,0.014567648768824031,0.0,0.06979108861811477,0.044822884389693805,0.0,0.0,0.0,0.044822884389693805,0.0,0.24501246311492494,0.19003938437214915,0.08985219256947771,0.014865464979350018,0.06261946355562446,0.0,0.0,0.044822884389693805,0.0,0.0,0.0,0.1224172580856367,0.0,0.03706582790742417,0.014953317835901817,0.0,0.0,0.0,0.0,0.014403792552764628,0.0259901968867288,0.0,0.021338578409109923,0.20224266807265753,0.1454910454836455,0.0,0.044822884389693805,0.12861875253923047,0.011718671393564566,0.05573223016127394,0.016200542876525274,0.06305921472837947,0.01915282957986151,0.02785942359207416,0.03573935609436618,0.0,0.0
2,0.3069171222630708,0.129383810399985,1.0000000000000002,0.4310971677613115,0.0,0.3095650642906029,0.0,0.21918462959603735,0.0,0.29700012438314627,0.0,0.06556723382246225,0.052989170490889914,0.0,0.10668754732580824,0.04510523169851602,0.2131655063865728,0.03097727810201878,0.020289200119018747,0.0,0.4625470558746804,0.0,0.16634914912649232,0.035382641268790246,0.07788274321508361,0.16634914912649232,0.041527476226522496,0.16634914912649232,0.0,0.15683367659843814,0.0,0.13108803621750306,0.0,0.0,0.0,0.0,0.0,0.0,0.0,0.0,0.02501629985358661,0.0,0.0,0.16634914912649232,0.0,0.0,0.0,0.16634914912649232,0.0,0.42133473061407106,0.27051234046967315,0.19923690181551867,0.26992199334118283,0.10753329530642547,0.0,0.0,0.16634914912649232,0.0,0.0,0.0,0.03601672024997439,0.3677145396161108,0.02612149814343748,0.025678590191538637,0.0,0.0,0.0,0.0,0.024734917710258958,0.09645624543367055,0.0,0.18040077979849994,0.24002915590934032,0.1046767971287336,0.0,0.16634914912649232,0.4024041552328735,0.020123892477037247,0.0,0.02782038782108547,0.1082884581589339,0.03289020317677089,0.04784160473575671,0.061373421532797255,0.0,0.0
3,0.7069572674004995,0.24281714765347298,0.4310971677613115,1.0000000000000002,0.0,0.7915511828449769,0.0,0.16936554746444207,0.0,0.4759905302531772,0.0,0.01410413123734002,0.11608945694115697,0.030839752054995388,0.0,0.009702561329475478,0.3222397011340675,0.02213831283238313,0.07717040354156243,0.0,0.6096621186047462,0.0,0.055009117491040246,0.025286662652049468,0.055659910721055916,0.055009117491040246,0.02967814850660474,0.055009117491040246,0.0,0.0,0.0,0.0,0.0,0.0,0.0,0.0,0.0,0.0,0.0,0.046306117323255305,0.017878222555367397,0.05556920241600453,0.0,0.055009117491040246,0.0,0.0,0.0,0.055009117491040246,0.0,0.6779478318145445,0.6571784594118389,0.08944146567901971,0.07129760734049945,0.07685006163390258,0.0,0.0,0.055009117491040246,0.0,0.06869745656510758,0.0,0.02573981540484018,0.0,0.018668066821282386,0.018351536919500998,0.0,0.0,0.0,0.0,0.017677129163820252,0.08141618505785346,0.0,0.1289257527802219,0.40153020454777305,0.0,0.0,0.055009117491040246,0.2865765427901813,0.05903738333703733,0.0,0.019882200323509833,0.07738974854290627,0.023505409502087377,0.03419062218944217,0.043861310248502386,0.0,0.0
4,0.0,0.0,0.0,0.0,1.0,0.0,0.0,0.0,0.0,0.0,0.0,0.0,0.0,0.06105829778131966,0.0,0.03410883837684195,0.0,0.0,0.0,0.0,0.0,0.0,0.0,0.0,0.0,0.0,0.10433195280718918,0.0,0.0,0.0,0.031123939190657198,0.20763237143168076,0.0,0.0,0.0,0.0,0.0,0.0,0.0,0.0,0.12735492558186406,0.0,0.08362069995281349,0.0,0.0,0.0,0.0,0.0,0.0,0.0,0.0,0.0,0.0,0.0,0.10165610405013227,0.050714148672240285,0.0,0.0,0.0,0.0,0.0,0.0,0.0479820467523766,0.0,0.0,0.0,0.0,0.0,0.0,0.0,0.0,0.0,0.0,0.0,0.0,0.0,0.0,0.0,0.0,0.0,0.0,0.0,0.0,0.0,0.0,0.10035930067645912
5,0.6428950696666231,0.23494461275990117,0.3095650642906029,0.7915511828449769,0.0,1.0000000000000002,0.0,0.14448848583020724,0.0,0.4385773192380361,0.0,0.0,0.10132921833988344,0.039950978812804856,0.0,0.0,0.2200925567961149,0.0,0.08118568448147548,0.0,0.520112606749198,0.0,0.0,0.0,0.0,0.0,0.0,0.0,0.0,0.0,0.0,0.0,0.0,0.0,0.0,0.0,0.0,0.0,0.0,0.059986692136358204,0.0,0.0719864421869326,0.0,0.0,0.0,0.0,0.0,0.0,0.0,0.5006853498134616,0.700268367352352,0.0,0.06872800933796425,0.07290330919968308,0.0,0.0,0.0,0.0,0.08899327811818898,0.0,0.0,0.0,0.0,0.0,0.0,0.0,0.0,0.0,0.0,0.06414953432704597,0.0,0.0,0.4208446939640721,0.0,0.0,0.0,0.25013965816201733,0.057848527743374005,0.0,0.0,0.0,0.0,0.0,0.05681959677610131,0.0,0.08421425652132868
6,0.0,0.0,0.0,0.0,0.0,0.0,1.0,0.0,1.0,0.0,0.0,0.0,0.0,0.0,0.0,0.0,0.0,0.0,0.0,0.0,0.0,0.0,0.0,0.0,0.0,0.0,0.0,0.0,0.0,0.0,0.09097990485364901,0.0,0.0,0.0,0.0,0.0,0.0,0.0,0.0,0.0,0.0,0.0,0.0,0.0,0.0,0.0,0.0,0.0,0.0,0.0,0.0,0.0,0.0,0.0,0.0,0.0,0.0,0.0,0.0,0.0,0.0,0.0,0.0,0.0,0.0,0.0,0.0,0.0,0.0,0.0,0.0,0.0,0.0,0.0,0.0,0.0,0.0,0.0,0.0,0.0,0.0,0.0,0.0,0.0,0.0,0.0
7,0.17158234605884837,0.0421177051311175,0.21918462959603735,0.16936554746444207,0.0,0.14448848583020724,0.0,1.0000000000000004,0.0,0.13675732111153788,0.06500004833667986,0.01568230712016612,0.021911674325008974,0.0,0.023510030723639816,0.10118169265904785,0.13498211779273256,0.07011669220877866,0.0,0.0,0.27780231425899776,0.0,0.08711272148421911,0.0,0.06302865517477015,0.08711272148421911,0.0,0.08711272148421911,0.15418173959952405,0.0,0.035987158105185234,0.0,0.0,0.0,0.035333980286861105,0.0,0.0,0.0,0.0,0.016582097775424135,0.0348919740922292,0.019899183974592498,0.07287138155706231,0.08711272148421911,0.029837972040346484,0.05726075180924628,0.0,0.08711272148421911,0.0,0.15126507487810972,0.16246769547800025,0.04685837723532451,0.12956911656225878,0.1916682770520837,0.0,0.015923042746389292,0.08711272148421911,0.027338980537644643,0.0,0.022289289066251994,0.02861996131505192,0.0,0.023276456303403956,0.0,0.0,0.0,0.060176676172518526,0.0,0.0,0.0,0.0,0.0,0.0644268449468041,0.0,0.01741143989816885,0.08711272148421911,0.05409080238861241,0.015991045831039538,0.04005273304416294,0.0808161154521495,0.08604924218155345,0.0,0.03801636760049897,0.031293324070940376,0.05099436526635937,0.022889077760009435
8,0.0,0.0,0.0,0.0,0.0,0.0,1.0,0.0,1.0,0.0,0.0,0.0,0.0,0.0,0.0,0.0,0.0,0.0,0.0,0.0,0.0,0.0,0.0,0.0,0.0,0.0,0.0,0.0,0.0,0.0,0.09097990485364901,0.0,0.0,0.0,0.0,0.0,0.0,0.0,0.0,0.0,0.0,0.0,0.0,0.0,0.0,0.0,0.0,0.0,0.0,0.0,0.0,0.0,0.0,0.0,0.0,0.0,0.0,0.0,0.0,0.0,0.0,0.0,0.0,0.0,0.0,0.0,0.0,0.0,0.0,0.0,0.0,0.0,0.0,0.0,0.0,0.0,0.0,0.0,0.0,0.0,0.0,0.0,0.0,0.0,0.0,0.0
9,0.6052358240427497,0.18361875897717536,0.29700012438314627,0.4759905302531772,0.0,0.4385773192380361,0.0,0.13675732111153788,0.0,1.0,0.0,0.013439452929596207,0.08577395983447059,0.0,0.0,0.009245313595692155,0.2530898377411305,0.021095011684505647,0.013816608165844018,0.0,0.49228287199953874,0.0,0.05241673044435527,0.02409499080376463,0.05303685406873988,0.05241673044435527,0.028279521310474086,0.05241673044435527,0.0,0.0,0.0,0.0,0.0,0.0,0.0,0.0,0.0,0.0,0.0,0.0,0.017035684541958356,0.0,0.0,0.05241673044435527,0.0,0.0,0.0,0.05241673044435527,0.0,0.42252335527910856,0.40645006668557315,0.0,0.06793760081504942,0.0732283873841908,0.0,0.0,0.05241673044435527,0.0,0.0,0.0,0.02452678805441162,0.0,0.017788306213924444,0.017486693257818473,0.0,0.0,0.0,0.0,0.016844067977657272,0.03039342877988963,0.0,0.02495373797928168,0.30955695052525445,0.0,0.0,0.05241673044435527,0.21174020034606492,0.013704036408323768,0.0,0.018945221856501018,0.07374264073934053,0.022397681876204955,0.03257933791285936,0.04179428031373987,0.0,0.0
10,0.05968196901823038,0.09771903829340758,0.0,0.0,0.0,0.0,0.0,0.06500004833667986,0.0,0.0,1.0,0.0,0.0,0.06150321884801874,0.0,0.08363153799722198,0.0,0.0,0.0,0.0,0.0,0.0,0.0,0.0,0.06534081382770154,0.0,0.0,0.0,0.1296714624730629,0.0,0.07631285692842389,0.0,0.0,0.0,0.0,0.0,0.0,0.0,0.0,0.0,0.09938686035537364,0.0,0.3372621888150916,0.0,0.0,0.0,0.0,0.0,0.0,0.0,0.0,0.0,0.0,0.0,0.0,0.045355451132829024,0.0,0.0,0.0,0.0634891695721368,0.0,0.0,0.0,0.0,0.0,0.0,0.1714082125476706,0.0,0.0,0.0,0.0,0.0,0.0,0.0,0.0,0.0,0.0,0.0,0.11408684918168122,0.0,0.0,0.0,0.0,0.08913640773872593,0.0,0.0651976173369905
11,0.010883146531968127,0.01149241930615102,0.06556723382246225,0.01410413123734002,0.0,0.0,0.0,0.01568230712016612,0.0,0.013439452929596207,0.0,1.0000000000000002,0.042838978332302026,0.0,0.0,0.17553809470819925,0.06033738579991787,0.05213435314046158,0.014698809352272553,0.041822746104017275,0.0,0.0,0.2695989517911441,0.5226885600646439,0.2520714717771586,0.2695989517911441,0.09350796647204954,0.2695989517911441,0.0,0.07367377660531821,0.0,0.0,0.31398755668581646,0.16601877983896826,0.04262161043957997,0.03274613103704617,0.0,0.21797379977165854,0.20390744116772183,0.34394519899889997,0.04672719039808357,0.29645098211968257,0.1498480754023153,0.2695989517911441,0.0359920510026328,0.06907077655213054,0.037542010613007784,0.2695989517911441,0.03452665016428087,0.015447051859226825,0.0,0.05367192823025936,0.01849393561450745,0.3102574629050895,0.0,0.045844031766217125,0.2695989517911441,0.032977642734578594,0.407075088212244,0.0,0.3458654316850821,0.0,0.08065255599355468,0.3249473438652901,0.4234782990853727,0.04924929471143966,0.0,0.2589678552004773,0.3619653055803696,0.26889030303723055,0.0,0.3874254149118876,0.0,0.07583464481477939,0.02100254776017586,0.2695989517911441,0.02951890088602249,0.5912156436639723,0.0,0.11414158938392299,0.18224805614299724,0.4353512781730017,0.22039798615394812,0.025653660593450738,0.06151194836672889,0.058153106885005565
12,0.14540559900092756,0.05210224461972222,0.052989170490889914,0.11608945694115697,0.0,0.10132921833988344,0.0,0.021911674325008974,0.0,0.08577395983447059,0.0,0.042838978332302026,1.0,0.0,0.013272275380165318,0.030741856041556773,0.12919493514552605,0.018769404893948245,0.012293404564276036,0.0,0.07887506043085193,0.0,0.07855165131343278,0.10614422199864483,0.0729415601344864,0.07855165131343278,0.025161862606276387,0.07855165131343278,0.0,0.05592892026348001,0.0,0.046747691466017205,0.0,0.0,0.03687225313493599,0.07874805996536323,0.11699129358267743,0.023748834196461382,0.0,0.04995699488961434,0.015157595814390983,0.09871105906196775,0.0,0.07855165131343278,0.03113697492251965,0.17128905707002845,0.022290518041266125,0.07855165131343278,0.0,0.09858695980224803,0.18660700876856331,0.0,0.015467472707894015,0.01744237314846927,0.013783948954518068,0.0,0.07855165131343278,0.0,0.07411371725672725,0.0,0.0781804547795289,0.0,0.0,0.015558883347447714,0.0,0.11306564936742032,0.0,0.1192470383233748,0.014987103902201336,0.09897137229608484,0.0,0.022202728244737062,0.0649971290300678,0.0,0.0,0.07855165131343278,0.07925783934632417,0.060369572026371575,0.0,0.01685661734387793,0.06561292796070245,0.04720181704904085,0.028987648530783273,0.0,0.20575828761485318,0.0
13,0.08483397816452141,0.0725396211554515,0.0,0.030839752054995388,0.06105829778131966,0.039950978812804856,0.0,0.0,0.0,0.0,0.06150321884801874,0.0,0.0,1.0,0.0,0.0315286196240039,0.0,0.0,0.0,0.0,0.0,0.0,0.0,0.0,0.0,0.0,0.09236037773957549,0.0,0.0,0.0,0.04390192994220948,0.13432336916838641,0.0,0.0,0.0,0.0,0.0,0.0,0.0,0.033056461303889124,0.0,0.0,0.07729507561580343,0.0,0.0,0.0,0.04258238050972727,0.0,0.0,0.0,0.0,0.0,0.0,0.0,0.09323047568139255,0.04638532659495546,0.0,0.0,0.0,0.0,0.0,0.0,0.09212971639477184,0.0,0.0,0.0,0.03417255896400329,0.0,0.05025016584657346,0.0,0.0,0.0,0.0,0.0,0.13883902918286545,0.0,0.0,0.0,0.03507721328780438,0.0,0.0,0.0,0.0,0.07108222188464669,0.0,0.040049028307211895
14,0.0,0.0,0.10668754732580824,0.0,0.0,0.0,0.0,0.023510030723639816,0.0,0.0,0.0,0.0,0.013272275380165318,0.0,1.0000000000000002,0.021833603483485075,0.05765620362577984,0.13254581041836966,0.15192767121922554,0.0,0.0,0.11547768337978327,0.0862496725230968,0.028451196906546416,0.061245304670558776,0.0862496725230968,0.0,0.0862496725230968,0.0,0.046073889274458255,0.0,0.08845234223900839,0.0,0.0,0.03575509815942272,0.0,0.11344669311469606,0.02302929237220333,0.0,0.016779726734321578,0.0,0.0,0.0,0.0862496725230968,0.27477415286700096,0.0,0.07848674080505957,0.0862496725230968,0.0,0.030638943652097073,0.0,0.045840870102417955,0.18736086606980673,0.0,0.013366323074688918,0.0,0.0862496725230968,0.0,0.02489356947071275,0.033809665918944985,0.0,0.14692970327309673,0.0,0.05432732314859398,0.0,0.10296242970826511,0.04563970863893292,0.0,0.0,0.03588834849219483,0.0,0.0,0.0,0.0,0.0,0.0862496725230968,0.18326079773744897,0.016181630507482198,0.0,0.0,0.0,0.026447026375728266,0.0,0.0,0.05160212692919089,0.0
15,0.007486770713288101,0.03637365106423605,0.04510523169851602,0.009702561329475478,0.03410883837684195,0.0,0.0,0.10118169265904785,0.0,0.009245313595692155,0.08363153799722198,0.17553809470819925,0.030741856041556773,0.0315286196240039,0.021833603483485075,1.0000000000000002,0.1393185152314987,0.03586443930546265,0.12911897348604257,0.0,0.0,0.0,0.2076907776487527,0.1462008521206636,0.23135384112522311,0.2076907776487527,0.12094032615407665,0.2076907776487527,0.0,0.0,0.039120538462594875,0.026810882501223317,0.0,0.0,0.08997723162742853,0.0,0.19245694064798366,0.06915795645117252,0.0,0.07451791921233095,0.08157457617142896,0.04282244959189584,0.12705211922658033,0.2076907776487527,0.07598176315746993,0.04751540057974768,0.03666909541990026,0.2076907776487527,0.0,0.13569177146587497,0.0,0.0369221731251779,0.012722410299761979,0.01434681877170038,0.04533690705613079,0.0,0.2076907776487527,0.022686090745290367,0.09013750814218875,0.0,0.07953917785753732,0.0,0.04711032752881334,0.11081176424011932,0.0,0.04810416537762209,0.0,0.08006615594254436,0.03831453862418397,0.10895437940735629,0.0,0.09526023347930829,0.0,0.05216842355142135,0.014448143192176924,0.2076907776487527,0.020306741436657023,0.22107153537836188,0.0,0.013865018944268013,0.1253726948614674,0.09581325301984225,0.10565320444662249,0.0,0.12985606993648205,0.022372484712441233
16,0.2923486882347275,0.11316890055055047,0.2131655063865728,0.3222397011340675,0.0,0.2200925567961149,0.0,0.13498211779273256,0.0,0.2530898377411305,0.0,0.06033738579991787,0.12919493514552605,0.0,0.05765620362577984,0.1393185152314987,1.0000000000000002,0.09470756474460412,0.02670194132165309,0.0,0.3833429144485606,0.0,0.3069505664406062,0.17402268525583886,0.31257157537869007,0.3069505664406062,0.05465292997911323,0.3069505664406062,0.0,0.2701481463340085,0.0,0.0,0.0,0.0,0.23760372823107215,0.0897371742088257,0.5082228669943573,0.1031675113034767,0.0,0.11150649378717217,0.032923120027249966,0.13944587150180185,0.05795552621559432,0.3069505664406062,0.20064576201388437,0.12547436859236863,0.09683242777135255,0.3069505664406062,0.0,0.290896651010333,0.21474602939970616,0.0,0.03359618944296731,0.03788578028858125,0.05987896912361608,0.043692344388403546,0.3069505664406062,0.19158112070878153,0.11151917168125852,0.0,0.11011477037230223,0.0,0.1572125369328823,0.03379473830880635,0.0,0.12702912537356667,0.0,0.0,0.03255280234907531,0.21951226848287922,0.0,0.04822552968722641,0.14117728871302235,0.0,0.12201271237058955,0.3069505664406062,0.17215232480484038,0.13401634410089427,0.0,0.03661348691848694,0.33107286341959863,0.161764110032125,0.14626726928929745,0.0,0.3429121544670574,0.0
17,0.017082548259868234,0.018038883042077666,0.03097727810201878,0.02213831283238313,0.0,0.0,0.0,0.07011669220877866,0.0,0.021095011684505647,0.0,0.05213435314046158,0.018769404893948245,0.0,0.13254581041836966,0.03586443930546265,0.09470756474460412,1.0000000000000002,0.02307173935269898,0.0,0.0,0.0,0.25246497273748364,0.04023515329213776,0.1658149608628292,0.25246497273748364,0.04722271463898734,0.25246497273748364,0.0,0.0,0.0,0.0,0.0,0.0,0.06690029534278082,0.0,0.0,0.0,0.0,0.03139604509801724,0.028447131794509885,0.037676516321474174,0.050076313882481564,0.25246497273748364,0.05649431866217147,0.10841578493246375,0.0,0.25246497273748364,0.0,0.08354469811400339,0.0,0.08872024184301515,0.16943363111871051,0.032735104817377125,0.0,0.0,0.25246497273748364,0.05176280332671916,0.0,0.0,0.09514436610838806,0.0,0.014367040907644742,0.029200251186275197,0.0,0.0,0.0,0.0,0.02812715981773028,0.05075263468627122,0.0,0.04166913699968582,0.0,0.0,0.03296629652458697,0.25246497273748364,0.046333847245604944,0.05316072590930679,0.0,0.03163578321145406,0.28606260194926536,0.03740089261776525,0.12638183389823965,0.0,0.09655119716036242,0.0
18,0.01118856340592025,0.011814934377350464,0.020289200119018747,0.07717040354156243,0.0,0.08118568448147548,0.0,0.0,0.0,0.013816608165844018,0.0,0.014698809352272553,0.012293404564276036,0.0,0.15192767121922554,0.12911897348604257,0.02670194132165309,0.02307173935269898,1.0,0.0,0.0,0.3717183436266475,0.05732848886834768,0.026352834302455334,0.11666265819032141,0.05732848886834768,0.03092948012792933,0.05732848886834768,0.0,0.0,0.0,0.0,0.0,0.0,0.0,0.0,0.0,0.0,0.0,0.0,0.018632029188946006,0.0,0.0,0.05732848886834768,0.0,0.0,0.07209196012355688,0.05732848886834768,0.0,0.07818163901677701,0.11882026116842738,0.0,0.01901293625332668,0.021440524579644567,0.0,0.0,0.05732848886834768,0.0,0.0,0.04285805078351758,0.026825093515634942,0.04931600326935018,0.0,0.08799209043936765,0.0,0.09457346936075445,0.057854134237282924,0.0,0.01842245701646594,0.0332414732606898,0.0,0.0272920511798723,0.0,0.0,0.0,0.05732848886834768,0.198561250064869,0.07378844967249973,0.0,0.02072050147160137,0.08065276340033735,0.02449647746495574,0.03563221503978086,0.0,0.0,0.0
19,0.0,0.0,0.0,0.0,0.0,0.0,0.0,0.0,0.0,0.0,0.0,0.041822746104017275,0.0,0.0,0.0,0.0,0.0,0.0,0.0,1.0000000000000004,0.0,0.0,0.0815588112276996,0.07498212077853948,0.03485347718030637,0.0815588112276996,0.0,0.0815588112276996,0.0,0.0,0.0,0.0,0.0,0.0,0.0,0.0,0.0,0.06069288359884527,0.0,0.0,0.053013996405868784,0.05306862776436275,0.0,0.0815588112276996,0.0,0.0,0.0,0.0815588112276996,0.06399142780402377,0.0,0.0,0.0,0.0,0.0,0.0,0.08496697580144055,0.0815588112276996,0.0,0.0,0.0,0.07632584711002226,0.0,0.0,0.05441750762860449,0.0,0.0,0.0,0.0,0.05241769751185353,0.0,0.0,0.07765448886356024,0.0,0.0,0.0,0.0815588112276996,0.0,0.04264611352173202,0.0,0.0,0.0,0.0697002003976075,0.0,0.04754629719256821,0.0,0.0
20,0.5422188798756475,0.15161034652810973,0.4625470558746804,0.6096621186047462,0.0,0.520112606749198,0.0,0.27780231425899776,0.0,0.49228287199953874,0.0,0.0,0.07887506043085193,0.0,0.0,0.0,0.3833429144485606,0.0,0.0,0.0,0.9999999999999999,0.0,0.0,0.0,0.0972643807798935,0.0,0.0,0.0,0.0,0.0,0.0,0.0,0.0,0.0,0.0,0.0,0.0,0.0,0.0,0.0,0.0,0.0,0.0,0.0,0.0,0.0,0.0,0.0,0.0,0.43176765485059737,0.5848320447270645,0.0,0.16049445496483403,0.0,0.0,0.0,0.0,0.0,0.0,0.0,0.0,0.0,0.05647316918716845,0.0,0.0,0.0,0.0,0.0,0.0,0.0,0.0,0.0,0.2319161563454015,0.0,0.0,0.0,0.19470968963268978,0.0,0.0,0.0,0.0,0.0,0.0,0.0,0.0,0.0
21,0.0,0.0,0.0,0.0,0.0,0.0,0.0,0.0,0.0,0.0,0.0,0.0,0.0,0.0,0.11547768337978327,0.0,0.0,0.0,0.3717183436266475,0.0,0.0,1.0000000000000002,0.0,0.0,0.0,0.0,0.0,0.0,0.0,0.0,0.0,0.0,0.0,0.0,0.0,0.0,0.0,0.0,0.0,0.0,0.0,0.0,0.0,0.0,0.0,0.0,0.19394243345699883,0.0,0.0,0.0,0.0,0.0,0.0,0.0,0.0,0.0,0.0,0.0,0.0,0.11529711007903352,0.0,0.0,0.0,0.0,0.0,0.25442238991504734,0.0,0.0,0.0,0.0,0.0,0.0,0.0,0.0,0.0,0.0,0.0,0.0,0.0,0.0,0.0,0.0,0.0,0.0,0.0,0.0
22,0.04244659073111043,0.044822884389693805,0.16634914912649232,0.055009117491040246,0.0,0.0,0.0,0.08711272148421911,0.0,0.05241673044435527,0.0,0.2695989517911441,0.07855165131343278,0.0,0.0862496725230968,0.2076907776487527,0.3069505664406062,0.25246497273748364,0.05732848886834768,0.0815588112276996,0.0,0.0,1.0000000000000002,0.3695373379236493,0.28078289910363835,1.0000000000000002,0.11733865527557853,1.0000000000000002,0.0,0.0,0.0,0.0,0.0,0.0,0.1690908536586901,0.0,0.272785868096219,0.11923457922946226,0.0,0.07935367160831727,0.12646561249051388,0.1026470358490579,0.0622146288819767,1.0000000000000002,0.14278969204107506,0.1346953739516575,0.05197428054681788,1.0000000000000002,0.06733064672678014,0.13391902386901108,0.0,0.21489168231990977,0.07213029005266397,0.08133994855952047,0.03213971199228559,0.0,1.0000000000000002,0.06430991718799794,0.0598573107037727,0.0,0.3973729140700318,0.0,0.01784955898109728,0.21853883219694328,0.0,0.06818219424769914,0.0,0.0,0.12504313333459974,0.3773050419037457,0.0,0.18524584378778822,0.0,0.1478856377719813,0.040957206009683604,1.0000000000000002,0.11513000409033536,0.17825807727235066,0.0,0.0786083622892152,0.5083912608925635,0.22986342295712098,0.22460615072233697,0.0500273716230162,0.2440336663084089,0.0
23,0.019511904017039013,0.020604241775713097,0.035382641268790246,0.025286662652049468,0.0,0.0,0.0,0.0,0.0,0.02409499080376463,0.0,0.5226885600646439,0.10614422199864483,0.0,0.028451196906546416,0.1462008521206636,0.17402268525583886,0.04023515329213776,0.026352834302455334,0.07498212077853948,0.0,0.0,0.3695373379236493,0.9999999999999998,0.35368352671124015,0.3695373379236493,0.1676462281631325,0.3695373379236493,0.0,0.0,0.0,0.0,0.0,0.29764760473716345,0.07904143820718557,0.05870906578785907,0.2507891250543715,0.2597503582730008,0.36557648183251257,0.322320563438172,0.08377507840725854,0.488459038431182,0.0,0.3695373379236493,0.06674697286033633,0.0,0.1150905923346621,0.3695373379236493,0.06190127846358263,0.02769432464573753,0.0,0.0,0.033156945516409554,0.21175039787603023,0.029548049194402216,0.0,0.3695373379236493,0.0,0.3463847030419099,0.0,0.5581921576607973,0.0,0.0,0.23787498107896177,0.0,0.15098100522192076,0.0,0.4642918221607723,0.49355965116605693,0.35232757347106086,0.0,0.3233837849554065,0.0,0.0,0.0,0.3695373379236493,0.05292310997418862,0.5048249122462704,0.0,0.20463932281619557,0.14065156723727792,0.7147546192609675,0.31292625512380756,0.04599329446817493,0.11407341993153237,0.0
24,0.06401129292738868,0.01915468549278127,0.07788274321508361,0.055659910721055916,0.0,0.0,0.0,0.06302865517477015,0.0,0.05303685406873988,0.06534081382770154,0.2520714717771586,0.0729415601344864,0.0,0.061245304670558776,0.23135384112522311,0.31257157537869007,0.1658149608628292,0.11666265819032141,0.03485347718030637,0.0972643807798935,0.0,0.28078289910363835,0.35368352671124015,1.0000000000000004,0.28078289910363835,0.10299781067680212,0.28078289910363835,0.045762720942994765,0.12392955166502875,0.0,0.0,0.0,0.0,0.10899990954300018,0.041166626231950325,0.23314552739759925,0.11106912265532774,0.0,0.19856522076989075,0.08911892058429245,0.2056936006159225,0.07325341284400995,0.28078289910363835,0.09204556709830147,0.0575609437122658,0.044421549891009895,0.28078289910363835,0.02877318984794245,0.11146164522161929,0.0,0.0,0.030824277359079298,0.03475994804597769,0.02746927527860535,0.03605023570285354,0.28078289910363835,0.08788719344965625,0.29260095285467147,0.022406141602943103,0.20857510113075606,0.18964186604924904,0.0997490770103798,0.4171116666998629,0.0,0.05827418314572765,0.10738948463247318,0.21581390684424084,0.21406186961103651,0.220672419705903,0.0,0.23677574403757506,0.0,0.0,0.055972920587157526,0.28078289910363835,0.04919984622051806,0.30823923491331195,0.04026271118405384,0.03359262745479933,0.2172567616356848,0.286669569772367,0.31697663828853706,0.05283616030876641,0.15730979516346077,0.023009074714188955
25,0.04244659073111043,0.044822884389693805,0.16634914912649232,0.055009117491040246,0.0,0.0,0.0,0.08711272148421911,0.0,0.05241673044435527,0.0,0.2695989517911441,0.07855165131343278,0.0,0.0862496725230968,0.2076907776487527,0.3069505664406062,0.25246497273748364,0.05732848886834768,0.0815588112276996,0.0,0.0,1.0000000000000002,0.3695373379236493,0.28078289910363835,1.0000000000000002,0.11733865527557853,1.0000000000000002,0.0,0.0,0.0,0.0,0.0,0.0,0.1690908536586901,0.0,0.272785868096219,0.11923457922946226,0.0,0.07935367160831727,0.12646561249051388,0.1026470358490579,0.0622146288819767,1.0000000000000002,0.14278969204107506,0.1346953739516575,0.05197428054681788,1.0000000000000002,0.06733064672678014,0.13391902386901108,0.0,0.21489168231990977,0.07213029005266397,0.08133994855952047,0.03213971199228559,0.0,1.0000000000000002,0.06430991718799794,0.0598573107037727,0.0,0.3973729140700318,0.0,0.01784955898109728,0.21853883219694328,0.0,0.06818219424769914,0.0,0.0,0.12504313333459974,0.3773050419037457,0.0,0.18524584378778822,0.0,0.1478856377719813,0.040957206009683604,1.0000000000000002,0.11513000409033536,0.17825807727235066,0.0,0.0786083622892152,0.5083912608925635,0.22986342295712098,0.22460615072233697,0.0500273716230162,0.2440336663084089,0.0
26,0.022900498695005427,0.10477831488976663,0.041527476226522496,0.02967814850660474,0.10433195280718918,0.0,0.0,0.0,0.0,0.028279521310474086,0.0,0.09350796647204954,0.025161862606276387,0.09236037773957549,0.0,0.12094032615407665,0.05465292997911323,0.04722271463898734,0.03092948012792933,0.0,0.0,0.0,0.11733865527557853,0.1676462281631325,0.10299781067680212,0.11733865527557853,1.0000000000000002,0.11733865527557853,0.0,0.0,0.11460025059359091,0.1819263153467971,0.0,0.0,0.0,0.0,0.0,0.09203869909151316,0.0,0.0,0.03813561622227467,0.08047677375633265,0.1387940346307055,0.11733865527557853,0.0,0.0,0.0,0.11733865527557853,0.0,0.032503944507667415,0.0,0.0,0.0389152481923766,0.04388398111026282,0.06931711231368516,0.0,0.11733865527557853,0.0,0.0,0.0,0.17065055304508545,0.0,0.1766728352774308,0.12166753627732918,0.0,0.0,0.0,0.2449059774759768,0.11719632874632363,0.06803789614524444,0.0,0.29138154967226454,0.0,0.0,0.0,0.11733865527557853,0.0621141642476906,0.09534886454933894,0.14589745911435748,0.04241025408670302,0.1650782532117307,0.15583682586659653,0.22667794985377845,0.0,0.0,0.06843284996720238
27,0.04244659073111043,0.044822884389693805,0.16634914912649232,0.055009117491040246,0.0,0.0,0.0,0.08711272148421911,0.0,0.05241673044435527,0.0,0.2695989517911441,0.07855165131343278,0.0,0.0862496725230968,0.2076907776487527,0.3069505664406062,0.25246497273748364,0.05732848886834768,0.0815588112276996,0.0,0.0,1.0000000000000002,0.3695373379236493,0.28078289910363835,1.0000000000000002,0.11733865527557853,1.0000000000000002,0.0,0.0,0.0,0.0,0.0,0.0,0.1690908536586901,0.0,0.272785868096219,0.11923457922946226,0.0,0.07935367160831727,0.12646561249051388,0.1026470358490579,0.0622146288819767,1.0000000000000002,0.14278969204107506,0.1346953739516575,0.05197428054681788,1.0000000000000002,0.06733064672678014,0.13391902386901108,0.0,0.21489168231990977,0.07213029005266397,0.08133994855952047,0.03213971199228559,0.0,1.0000000000000002,0.06430991718799794,0.0598573107037727,0.0,0.3973729140700318,0.0,0.01784955898109728,0.21853883219694328,0.0,0.06818219424769914,0.0,0.0,0.12504313333459974,0.3773050419037457,0.0,0.18524584378778822,0.0,0.1478856377719813,0.040957206009683604,1.0000000000000002,0.11513000409033536,0.17825807727235066,0.0,0.0786083622892152,0.5083912608925635,0.22986342295712098,0.22460615072233697,0.0500273716230162,0.2440336663084089,0.0
28,0.0417994379548396,0.0,0.0,0.0,0.0,0.0,0.0,0.15418173959952405,0.0,0.0,0.1296714624730629,0.0,0.0,0.0,0.0,0.0,0.0,0.0,0.0,0.0,0.0,0.0,0.0,0.0,0.045762720942994765,0.0,0.0,0.0,0.9999999999999999,0.0,0.0,0.0,0.0,0.0,0.0,0.0,0.0,0.0,0.0,0.0,0.06960753760791263,0.0,0.09261155949493839,0.0,0.0,0.0,0.0,0.0,0.0,0.0,0.0,0.0,0.0,0.0,0.0,0.031765580069272645,0.0,0.0,0.0,0.0444658855595765,0.0,0.0,0.0,0.0,0.0,0.0,0.4065845652199517,0.0,0.0,0.0,0.0,0.0,0.0,0.0,0.0,0.0,0.0,0.0,0.0799029631943974,0.0,0.0,0.0,0.0,0.06242843200521861,0.0,0.04566243047122768
29,0.0,0.0,0.15683367659843814,0.0,0.0,0.0,0.0,0.0,0.0,0.0,0.0,0.07367377660531821,0.05592892026348001,0.0,0.046073889274458255,0.0,0.2701481463340085,0.0,0.0,0.0,0.0,0.0,0.0,0.0,0.12392955166502875,0.0,0.0,0.0,0.0,1.0,0.0,0.05661143982855784,0.0,0.0,0.0,0.2746325375751098,0.0,0.0,0.0,0.0,0.0,0.2735515925039707,0.0,0.0,0.0,0.2441706779993553,0.0,0.0,0.0,0.0,0.0,0.0,0.07348413633975162,0.0,0.0,0.08602403911402803,0.0,0.25924696020479876,0.0,0.0,0.0,0.15880052927960336,0.10760334279972206,0.09586035528314842,0.0,0.0,0.0,0.0,0.0,0.0,0.0,0.0,0.0,0.0,0.2566440280985585,0.0,0.11729093160714255,0.0,0.0,0.0,0.0,0.0,0.0,0.0,0.2174496203387805,0.0
30,0.0,0.05001955215644474,0.0,0.0,0.031123939190657198,0.0,0.09097990485364901,0.035987158105185234,0.09097990485364901,0.0,0.07631285692842389,0.0,0.0,0.04390192994220948,0.0,0.039120538462594875,0.0,0.0,0.0,0.0,0.0,0.0,0.0,0.0,0.0,0.0,0.11460025059359091,0.0,0.0,0.0,1.0,0.08935793639723022,0.0,0.0,0.0,0.0,0.0,0.05109582575395283,0.0,0.04590017714783677,0.09965651585177246,0.0,0.09590730627150795,0.0,0.0,0.0,0.0,0.0,0.0,0.0,0.0,0.0,0.0,0.0,0.12879909279088864,0.0,0.0,0.0,0.0,0.0,0.0,0.0,0.07370864447297801,0.0,0.0,0.0,0.0,0.0,0.0,0.0,0.0,0.0,0.0,0.0,0.0,0.0,0.0,0.0,0.04352361403546698,0.06119316972765454,0.0,0.0,0.0,0.0,0.0,0.02041464578889594
31,0.04254635136371049,0.038168004073105985,0.13108803621750306,0.0,0.20763237143168076,0.0,0.0,0.0,0.0,0.0,0.0,0.0,0.046747691466017205,0.13432336916838641,0.08845234223900839,0.026810882501223317,0.0,0.0,0.0,0.0,0.0,0.0,0.0,0.0,0.0,0.0,0.1819263153467971,0.0,0.0,0.05661143982855784,0.08935793639723022,1.0000000000000002,0.0,0.0,0.0,0.0,0.0,0.08111391782190817,0.0,0.0,0.1709573115617348,0.0,0.065729144344801,0.0,0.0,0.0,0.0,0.0,0.0,0.0,0.10453982735237906,0.0,0.14107434989789214,0.0,0.23689508418936228,0.0398633065769886,0.0,0.0,0.0,0.0,0.0,0.132732012569363,0.08366753169654201,0.0,0.0,0.09987475617426399,0.0,0.0,0.0,0.0,0.0,0.0,0.0,0.0,0.06836934198338099,0.0,0.22517434033506792,0.0,0.1840054426380351,0.0,0.0,0.0,0.0,0.0,0.0,0.13618910161470266
32,0.0,0.0,0.0,0.0,0.0,0.0,0.0,0.0,0.0,0.0,0.0,0.31398755668581646,0.0,0.0,0.0,0.0,0.0,0.0,0.0,0.0,0.0,0.0,0.0,0.0,0.0,0.0,0.0,0.0,0.0,0.0,0.0,0.0,1.0000000000000002,0.0,0.0,0.0,0.0,0.12095219572694943,0.0,0.08812883867261495,0.0,0.0,0.1405644364979955,0.0,0.0,0.0,0.0,0.0,0.0,0.0,0.0,0.0,0.0,0.33642591993797394,0.0,0.0,0.0,0.0,0.13074356946365825,0.0,0.0,0.0,0.0,0.0,0.7414489889185962,0.0,0.0,0.0,0.0,0.09424463593992781,0.0,0.1547542377156101,0.0,0.0,0.0,0.0,0.0,0.08498757620032364,0.0,0.0,0.0,0.0,0.0,0.21475080343062905,0.0,0.0693057523631034
33,0.0,0.0,0.0,0.0,0.0,0.0,0.0,0.0,0.0,0.0,0.0,0.16601877983896826,0.0,0.0,0.0,0.0,0.0,0.0,0.0,0.0,0.0,0.0,0.0,0.29764760473716345,0.0,0.0,0.0,0.0,0.0,0.0,0.0,0.0,0.0,1.0,0.0,0.1972435351519186,0.0,0.2409253197991453,0.0,0.17554430089602935,0.0,0.0,0.0,0.0,0.0,0.0,0.22613110787479626,0.0,0.0,0.0,0.0,0.0,0.0,0.2421644940424829,0.0,0.0,0.0,0.0,0.2604288090463763,0.0,0.3029816353011879,0.0,0.0,0.0,0.0,0.2966489379045525,0.0,0.0,0.20807629803271446,0.18772638989076257,0.0,0.0,0.0,0.0,0.0,0.0,0.0,0.16928720352659965,0.0,0.23403204229157204,0.0,0.2766805937554366,0.4024555133745952,0.0,0.0,0.0
34,0.0,0.0,0.0,0.0,0.0,0.0,0.0,0.035333980286861105,0.0,0.0,0.0,0.04262161043957997,0.03687225313493599,0.0,0.03575509815942272,0.08997723162742853,0.23760372823107215,0.06690029534278082,0.0,0.0,0.0,0.0,0.1690908536586901,0.07904143820718557,0.10899990954300018,0.1690908536586901,0.0,0.1690908536586901,0.0,0.0,0.0,0.0,0.0,0.0,1.0000000000000002,0.0,0.31517091576458606,0.0639786226207548,0.0,0.09168352277418526,0.0,0.054082301853404194,0.07188144200992884,0.1690908536586901,0.16497613427120428,0.15562413351494908,0.06004996413658846,0.1690908536586901,0.0,0.0,0.0,0.0,0.0,0.0,0.03713353089627702,0.0,0.1690908536586901,0.0743022929829221,0.06915784736714843,0.0,0.07778376182911219,0.0,0.020622995939372116,0.0,0.0,0.07877623848280314,0.0,0.0,0.0,0.09970289436403505,0.0,0.0,0.0,0.0,0.44381964126055123,0.1690908536586901,0.0,0.08841555721653281,0.0,0.0,0.23386592615362536,0.07347356977308549,0.10332145632530966,0.0,0.2819512411862977,0.0
35,0.0,0.0,0.0,0.0,0.0,0.0,0.0,0.0,0.0,0.0,0.0,0.03274613103704617,0.07874805996536323,0.0,0.0,0.0,0.0897371742088257,0.0,0.0,0.0,0.0,0.0,0.0,0.05870906578785907,0.041166626231950325,0.0,0.0,0.0,0.0,0.2746325375751098,0.0,0.0,0.0,0.1972435351519186,0.0,1.0000000000000002,0.0,0.04752096178478994,0.0,0.03462497848450494,0.0,0.06268115954446124,0.0,0.0,0.0,0.0,0.04460289912504467,0.0,0.0,0.0,0.0,0.0,0.0,0.047765380893215054,0.0,0.02857526245831792,0.0,0.2502589836887262,0.05136789895171121,0.0,0.05976116883291563,0.0,0.02390196523558645,0.0,0.0,0.3949968630299277,0.0,0.0,0.041041704605296804,0.0370278167833614,0.0,0.0,0.0,0.0,0.14606437522741067,0.0,0.0,0.03339080647956885,0.0,0.04616130736041299,0.0,0.05457345842025416,0.0793817481993854,0.0,0.0,0.0
36,0.0,0.0,0.0,0.0,0.0,0.0,0.0,0.0,0.0,0.0,0.0,0.0,0.11699129358267743,0.0,0.11344669311469606,0.19245694064798366,0.5082228669943573,0.0,0.0,0.0,0.0,0.0,0.272785868096219,0.2507891250543715,0.23314552739759925,0.272785868096219,0.0,0.272785868096219,0.0,0.0,0.0,0.0,0.0,0.0,0.31517091576458606,0.0,1.0,0.20299659461136008,0.0,0.14790846937563054,0.0,0.0,0.0,0.272785868096219,0.26614779586581144,0.0,0.19053142638784035,0.272785868096219,0.0,0.0,0.0,0.0,0.0,0.0,0.11782029698455286,0.0,0.272785868096219,0.0,0.21942966151992666,0.0,0.0,0.0,0.0,0.0,0.0,0.24994767772811977,0.0,0.0,0.0,0.3163454791574334,0.0,0.0,0.0,0.0,0.0,0.272785868096219,0.0,0.14263642300373058,0.0,0.0,0.0,0.23312293773948953,0.0,0.0,0.45485792060082775,0.0
37,0.0,0.0,0.0,0.0,0.0,0.0,0.0,0.0,0.0,0.0,0.0,0.21797379977165854,0.023748834196461382,0.0,0.02302929237220333,0.06915795645117252,0.1031675113034767,0.0,0.0,0.06069288359884527,0.0,0.0,0.11923457922946226,0.2597503582730008,0.11106912265532774,0.11923457922946226,0.09203869909151316,0.11923457922946226,0.0,0.0,0.05109582575395283,0.08111391782190817,0.12095219572694943,0.2409253197991453,0.0639786226207548,0.04752096178478994,0.20299659461136008,0.9999999999999999,0.0,0.1259738124874874,0.14468963766105586,0.09705393988107658,0.08558040285676906,0.11923457922946226,0.05402709622407914,0.0,0.09315794020444694,0.11923457922946226,0.05010483898563194,0.0,0.0,0.0,0.0,0.13236212141729678,0.0924776739917112,0.0,0.11923457922946226,0.0,0.18688849361494675,0.0,0.21258358114330778,0.0,0.0,0.09952082306170455,0.16312949040952673,0.12220876764255711,0.0,0.16890174960940177,0.14599434233980857,0.1668244306505707,0.0,0.31745172525499415,0.0,0.0,0.0,0.11923457922946226,0.0,0.19947645104007838,0.0,0.056384244632344094,0.0,0.24145292020281464,0.20299463117152128,0.03722841710131112,0.09233460891397244,0.04219569583384945
38,0.0,0.0,0.0,0.0,0.0,0.0,0.0,0.0,0.0,0.0,0.0,0.20390744116772183,0.0,0.0,0.0,0.0,0.0,0.0,0.0,0.0,0.0,0.0,0.0,0.36557648183251257,0.0,0.0,0.0,0.0,0.0,0.0,0.0,0.0,0.0,0.0,0.0,0.0,0.0,0.0,1.0,0.21560686834348203,0.0,0.2587369099771789,0.0,0.0,0.0,0.0,0.0,0.0,0.0,0.0,0.0,0.0,0.0,0.0,0.0,0.0,0.0,0.0,0.0,0.0,0.0,0.0,0.0,0.0,0.0,0.0,0.0,0.0,0.25556328953059937,0.23056914307771945,0.0,0.0,0.0,0.0,0.0,0.0,0.0,0.20792178166247383,0.0,0.0,0.0,0.33982439786727464,0.0,0.0,0.0,0.0
39,0.03573110967808459,0.0,0.0,0.046306117323255305,0.0,0.059986692136358204,0.0,0.016582097775424135,0.0,0.0,0.0,0.34394519899889997,0.04995699488961434,0.033056461303889124,0.016779726734321578,0.07451791921233095,0.11150649378717217,0.03139604509801724,0.0,0.0,0.0,0.0,0.07935367160831727,0.322320563438172,0.19856522076989075,0.07935367160831727,0.0,0.07935367160831727,0.0,0.0,0.04590017714783677,0.0,0.08812883867261495,0.17554430089602935,0.09168352277418526,0.03462497848450494,0.14790846937563054,0.1259738124874874,0.21560686834348203,0.9999999999999998,0.09268824847012504,0.3250902466299095,0.09608973052393206,0.07935367160831727,0.0774226500067941,0.07303379288746954,0.15687757257538654,0.07935367160831727,0.0,0.0,0.0,0.0,0.0,0.09644240002954287,0.01742661978836743,0.0,0.07935367160831727,0.034869773435606266,0.5066878972615936,0.0,0.16094149038668984,0.0,0.05366383416215633,0.11828077516669605,0.11886028572397261,0.08904440885276386,0.07142318288343351,0.15076033759318205,0.1504606373059234,0.33555486174800464,0.0,0.1502807964921882,0.0,0.0,0.022207593425103266,0.07935367160831727,0.0,0.44245428008226884,0.0,0.04108299125134399,0.10975235799465143,0.3078179543018609,0.11913712422883549,0.08312866991350432,0.13231860694142916,0.09154819352720708
40,0.04583257548211357,0.014567648768824031,0.02501629985358661,0.017878222555367397,0.12735492558186406,0.0,0.0,0.0348919740922292,0.0,0.017035684541958356,0.09938686035537364,0.04672719039808357,0.015157595814390983,0.0,0.0,0.08157457617142896,0.032923120027249966,0.028447131794509885,0.018632029188946006,0.053013996405868784,0.0,0.0,0.12646561249051388,0.08377507840725854,0.08911892058429245,0.12646561249051388,0.03813561622227467,0.12646561249051388,0.06960753760791263,0.0,0.09965651585177246,0.1709573115617348,0.0,0.0,0.0,0.0,0.0,0.14468963766105586,0.0,0.09268824847012504,1.0,0.036295142071424716,0.07098224971997115,0.12646561249051388,0.0,0.0,0.0,0.12646561249051388,0.043765555307236435,0.019580492149167114,0.0,0.0,0.02344268436509221,0.02643586680382759,0.05988624690412876,0.024346769985015563,0.12646561249051388,0.0,0.0,0.03408093557675187,0.08527638001901669,0.0,0.0,0.06079890673909434,0.0,0.0,0.09201179175175567,0.0,0.05856458410870016,0.04098627140479973,0.0,0.08676082812373954,0.0,0.0,0.0,0.12646561249051388,0.03741779417316826,0.04764711196419613,0.06124172962599081,0.025548088386410556,0.09944372875261454,0.07787376100706947,0.04393402256637345,0.08036661588220413,0.0,0.0349980289739819
41,0.04287876809858948,0.0,0.0,0.05556920241600453,0.0,0.0719864421869326,0.0,0.019899183974592498,0.0,0.0,0.0,0.29645098211968257,0.09871105906196775,0.0,0.0,0.04282244959189584,0.13944587150180185,0.037676516321474174,0.0,0.05306862776436275,0.0,0.0,0.1026470358490579,0.488459038431182,0.2056936006159225,0.1026470358490579,0.08047677375633265,0.1026470358490579,0.0,0.2735515925039707,0.0,0.0,0.0,0.0,0.054082301853404194,0.06268115954446124,0.0,0.09705393988107658,0.2587369099771789,0.3250902466299095,0.036295142071424716,1.0000000000000002,0.040481769313899275,0.1026470358490579,0.04567009426842036,0.3475187339642866,0.0,0.1026470358490579,0.04381065607125679,0.0,0.0,0.0,0.0,0.07238889946334498,0.0,0.03051897759904855,0.1026470358490579,0.13381886490997594,0.351357017325608,0.0,0.3419313129430322,0.0,0.037142136492128566,0.08701899136598429,0.0,0.0,0.0,0.3286027339378711,0.28274561458824143,0.25681142203629137,0.0,0.1951896163120399,0.0,0.0,0.08522553064526082,0.1026470358490579,0.0,0.43230219360369115,0.0,0.0699579104180066,0.13170724192796196,0.37596893671051784,0.1509009987677237,0.03255177365544557,0.3094876804222468,0.0
